Resolvendo para N=7 e M=7
  1  38  27  42  45  20  49 
 28  41   2  19  48  43  46 
 37  26  39  44   3  18  21 
 40  29  36  17  22  47   4 
 25  10  23  32   5  16  13 
 30  35   8  11  14  33   6 
  9  24  31  34   7  12  15 
0.076935 seconds
Resolvendo para N=7 e M=7
  1  38  27  42  45  20  49 
 28  41   2  19  48  43  46 
 37  26  39  44   3  18  21 
 40  29  36  17  22  47   4 
 25  10  23  32   5  16  13 
 30  35   8  11  14  33   6 
  9  24  31  34   7  12  15 
0.077634 seconds
Resolvendo para N=7 e M=7
  1  38  27  42  45  20  49 
 28  41   2  19  48  43  46 
 37  26  39  44   3  18  21 
 40  29  36  17  22  47   4 
 25  10  23  32   5  16  13 
 30  35   8  11  14  33   6 
  9  24  31  34   7  12  15 
0.076695 seconds
Resolvendo para N=7 e M=7
  1  38  27  42  45  20  49 
 28  41   2  19  48  43  46 
 37  26  39  44   3  18  21 
 40  29  36  17  22  47   4 
 25  10  23  32   5  16  13 
 30  35   8  11  14  33   6 
  9  24  31  34   7  12  15 
0.077209 seconds
Resolvendo para N=7 e M=7
  1  38  27  42  45  20  49 
 28  41   2  19  48  43  46 
 37  26  39  44   3  18  21 
 40  29  36  17  22  47   4 
 25  10  23  32   5  16  13 
 30  35   8  11  14  33   6 
  9  24  31  34   7  12  15 
0.077247 seconds
Resolvendo para N=7 e M=7
  1  38  27  42  45  20  49 
 28  41   2  19  48  43  46 
 37  26  39  44   3  18  21 
 40  29  36  17  22  47   4 
 25  10  23  32   5  16  13 
 30  35   8  11  14  33   6 
  9  24  31  34   7  12  15 
0.077332 seconds
Resolvendo para N=7 e M=7
  1  38  27  42  45  20  49 
 28  41   2  19  48  43  46 
 37  26  39  44   3  18  21 
 40  29  36  17  22  47   4 
 25  10  23  32   5  16  13 
 30  35   8  11  14  33   6 
  9  24  31  34   7  12  15 
0.077599 seconds
Resolvendo para N=7 e M=7
  1  38  27  42  45  20  49 
 28  41   2  19  48  43  46 
 37  26  39  44   3  18  21 
 40  29  36  17  22  47   4 
 25  10  23  32   5  16  13 
 30  35   8  11  14  33   6 
  9  24  31  34   7  12  15 
0.076978 seconds
Resolvendo para N=7 e M=7
  1  38  27  42  45  20  49 
 28  41   2  19  48  43  46 
 37  26  39  44   3  18  21 
 40  29  36  17  22  47   4 
 25  10  23  32   5  16  13 
 30  35   8  11  14  33   6 
  9  24  31  34   7  12  15 
0.077379 seconds
Resolvendo para N=7 e M=7
  1  38  27  42  45  20  49 
 28  41   2  19  48  43  46 
 37  26  39  44   3  18  21 
 40  29  36  17  22  47   4 
 25  10  23  32   5  16  13 
 30  35   8  11  14  33   6 
  9  24  31  34   7  12  15 
0.076761 seconds
Resolvendo para N=7 e M=7
  1  38  27  42  45  20  49 
 28  41   2  19  48  43  46 
 37  26  39  44   3  18  21 
 40  29  36  17  22  47   4 
 25  10  23  32   5  16  13 
 30  35   8  11  14  33   6 
  9  24  31  34   7  12  15 
0.076855 seconds
Resolvendo para N=7 e M=7
  1  38  27  42  45  20  49 
 28  41   2  19  48  43  46 
 37  26  39  44   3  18  21 
 40  29  36  17  22  47   4 
 25  10  23  32   5  16  13 
 30  35   8  11  14  33   6 
  9  24  31  34   7  12  15 
0.077452 seconds
Resolvendo para N=7 e M=7
  1  38  27  42  45  20  49 
 28  41   2  19  48  43  46 
 37  26  39  44   3  18  21 
 40  29  36  17  22  47   4 
 25  10  23  32   5  16  13 
 30  35   8  11  14  33   6 
  9  24  31  34   7  12  15 
0.077301 seconds
Resolvendo para N=7 e M=7
  1  38  27  42  45  20  49 
 28  41   2  19  48  43  46 
 37  26  39  44   3  18  21 
 40  29  36  17  22  47   4 
 25  10  23  32   5  16  13 
 30  35   8  11  14  33   6 
  9  24  31  34   7  12  15 
0.077627 seconds
Resolvendo para N=7 e M=7
  1  38  27  42  45  20  49 
 28  41   2  19  48  43  46 
 37  26  39  44   3  18  21 
 40  29  36  17  22  47   4 
 25  10  23  32   5  16  13 
 30  35   8  11  14  33   6 
  9  24  31  34   7  12  15 
0.077366 seconds
Resolvendo para N=7 e M=7
  1  38  27  42  45  20  49 
 28  41   2  19  48  43  46 
 37  26  39  44   3  18  21 
 40  29  36  17  22  47   4 
 25  10  23  32   5  16  13 
 30  35   8  11  14  33   6 
  9  24  31  34   7  12  15 
0.078189 seconds
Resolvendo para N=7 e M=7
  1  38  27  42  45  20  49 
 28  41   2  19  48  43  46 
 37  26  39  44   3  18  21 
 40  29  36  17  22  47   4 
 25  10  23  32   5  16  13 
 30  35   8  11  14  33   6 
  9  24  31  34   7  12  15 
0.077546 seconds
Resolvendo para N=7 e M=7
  1  38  27  42  45  20  49 
 28  41   2  19  48  43  46 
 37  26  39  44   3  18  21 
 40  29  36  17  22  47   4 
 25  10  23  32   5  16  13 
 30  35   8  11  14  33   6 
  9  24  31  34   7  12  15 
0.077471 seconds
Resolvendo para N=7 e M=7
  1  38  27  42  45  20  49 
 28  41   2  19  48  43  46 
 37  26  39  44   3  18  21 
 40  29  36  17  22  47   4 
 25  10  23  32   5  16  13 
 30  35   8  11  14  33   6 
  9  24  31  34   7  12  15 
0.077192 seconds
Resolvendo para N=7 e M=7
  1  38  27  42  45  20  49 
 28  41   2  19  48  43  46 
 37  26  39  44   3  18  21 
 40  29  36  17  22  47   4 
 25  10  23  32   5  16  13 
 30  35   8  11  14  33   6 
  9  24  31  34   7  12  15 
0.077509 seconds
Resolvendo para N=7 e M=7
  1  38  27  42  45  20  49 
 28  41   2  19  48  43  46 
 37  26  39  44   3  18  21 
 40  29  36  17  22  47   4 
 25  10  23  32   5  16  13 
 30  35   8  11  14  33   6 
  9  24  31  34   7  12  15 
0.093455 seconds
Resolvendo para N=7 e M=7
  1  38  27  42  45  20  49 
 28  41   2  19  48  43  46 
 37  26  39  44   3  18  21 
 40  29  36  17  22  47   4 
 25  10  23  32   5  16  13 
 30  35   8  11  14  33   6 
  9  24  31  34   7  12  15 
0.093997 seconds
Resolvendo para N=7 e M=7
  1  38  27  42  45  20  49 
 28  41   2  19  48  43  46 
 37  26  39  44   3  18  21 
 40  29  36  17  22  47   4 
 25  10  23  32   5  16  13 
 30  35   8  11  14  33   6 
  9  24  31  34   7  12  15 
0.093439 seconds
Resolvendo para N=7 e M=7
  1  38  27  42  45  20  49 
 28  41   2  19  48  43  46 
 37  26  39  44   3  18  21 
 40  29  36  17  22  47   4 
 25  10  23  32   5  16  13 
 30  35   8  11  14  33   6 
  9  24  31  34   7  12  15 
0.093983 seconds
Resolvendo para N=7 e M=7
  1  38  27  42  45  20  49 
 28  41   2  19  48  43  46 
 37  26  39  44   3  18  21 
 40  29  36  17  22  47   4 
 25  10  23  32   5  16  13 
 30  35   8  11  14  33   6 
  9  24  31  34   7  12  15 
0.093586 seconds
Resolvendo para N=7 e M=7
  1  38  27  42  45  20  49 
 28  41   2  19  48  43  46 
 37  26  39  44   3  18  21 
 40  29  36  17  22  47   4 
 25  10  23  32   5  16  13 
 30  35   8  11  14  33   6 
  9  24  31  34   7  12  15 
0.093537 seconds
Resolvendo para N=7 e M=7
  1  38  27  42  45  20  49 
 28  41   2  19  48  43  46 
 37  26  39  44   3  18  21 
 40  29  36  17  22  47   4 
 25  10  23  32   5  16  13 
 30  35   8  11  14  33   6 
  9  24  31  34   7  12  15 
0.093794 seconds
Resolvendo para N=7 e M=7
  1  38  27  42  45  20  49 
 28  41   2  19  48  43  46 
 37  26  39  44   3  18  21 
 40  29  36  17  22  47   4 
 25  10  23  32   5  16  13 
 30  35   8  11  14  33   6 
  9  24  31  34   7  12  15 
0.093527 seconds
Resolvendo para N=7 e M=7
  1  38  27  42  45  20  49 
 28  41   2  19  48  43  46 
 37  26  39  44   3  18  21 
 40  29  36  17  22  47   4 
 25  10  23  32   5  16  13 
 30  35   8  11  14  33   6 
  9  24  31  34   7  12  15 
0.093966 seconds
Resolvendo para N=7 e M=7
  1  38  27  42  45  20  49 
 28  41   2  19  48  43  46 
 37  26  39  44   3  18  21 
 40  29  36  17  22  47   4 
 25  10  23  32   5  16  13 
 30  35   8  11  14  33   6 
  9  24  31  34   7  12  15 
0.093354 seconds
Resolvendo para N=7 e M=7
  1  38  27  42  45  20  49 
 28  41   2  19  48  43  46 
 37  26  39  44   3  18  21 
 40  29  36  17  22  47   4 
 25  10  23  32   5  16  13 
 30  35   8  11  14  33   6 
  9  24  31  34   7  12  15 
0.093706 seconds
Resolvendo para N=7 e M=7
  1  38  27  42  45  20  49 
 28  41   2  19  48  43  46 
 37  26  39  44   3  18  21 
 40  29  36  17  22  47   4 
 25  10  23  32   5  16  13 
 30  35   8  11  14  33   6 
  9  24  31  34   7  12  15 
0.093704 seconds
Resolvendo para N=7 e M=7
  1  38  27  42  45  20  49 
 28  41   2  19  48  43  46 
 37  26  39  44   3  18  21 
 40  29  36  17  22  47   4 
 25  10  23  32   5  16  13 
 30  35   8  11  14  33   6 
  9  24  31  34   7  12  15 
0.093934 seconds
Resolvendo para N=7 e M=7
  1  38  27  42  45  20  49 
 28  41   2  19  48  43  46 
 37  26  39  44   3  18  21 
 40  29  36  17  22  47   4 
 25  10  23  32   5  16  13 
 30  35   8  11  14  33   6 
  9  24  31  34   7  12  15 
0.094054 seconds
Resolvendo para N=7 e M=7
  1  38  27  42  45  20  49 
 28  41   2  19  48  43  46 
 37  26  39  44   3  18  21 
 40  29  36  17  22  47   4 
 25  10  23  32   5  16  13 
 30  35   8  11  14  33   6 
  9  24  31  34   7  12  15 
0.093855 seconds
Resolvendo para N=7 e M=7
  1  38  27  42  45  20  49 
 28  41   2  19  48  43  46 
 37  26  39  44   3  18  21 
 40  29  36  17  22  47   4 
 25  10  23  32   5  16  13 
 30  35   8  11  14  33   6 
  9  24  31  34   7  12  15 
0.093931 seconds
Resolvendo para N=7 e M=7
  1  38  27  42  45  20  49 
 28  41   2  19  48  43  46 
 37  26  39  44   3  18  21 
 40  29  36  17  22  47   4 
 25  10  23  32   5  16  13 
 30  35   8  11  14  33   6 
  9  24  31  34   7  12  15 
0.093739 seconds
Resolvendo para N=7 e M=7
  1  38  27  42  45  20  49 
 28  41   2  19  48  43  46 
 37  26  39  44   3  18  21 
 40  29  36  17  22  47   4 
 25  10  23  32   5  16  13 
 30  35   8  11  14  33   6 
  9  24  31  34   7  12  15 
0.094330 seconds
Resolvendo para N=7 e M=7
  1  38  27  42  45  20  49 
 28  41   2  19  48  43  46 
 37  26  39  44   3  18  21 
 40  29  36  17  22  47   4 
 25  10  23  32   5  16  13 
 30  35   8  11  14  33   6 
  9  24  31  34   7  12  15 
0.094189 seconds
Resolvendo para N=7 e M=7
  1  38  27  42  45  20  49 
 28  41   2  19  48  43  46 
 37  26  39  44   3  18  21 
 40  29  36  17  22  47   4 
 25  10  23  32   5  16  13 
 30  35   8  11  14  33   6 
  9  24  31  34   7  12  15 
0.093732 seconds
Resolvendo para N=7 e M=7
  1  38  27  42  45  20  49 
 28  41   2  19  48  43  46 
 37  26  39  44   3  18  21 
 40  29  36  17  22  47   4 
 25  10  23  32   5  16  13 
 30  35   8  11  14  33   6 
  9  24  31  34   7  12  15 
0.129762 seconds
Resolvendo para N=7 e M=7
  1  38  27  42  45  20  49 
 28  41   2  19  48  43  46 
 37  26  39  44   3  18  21 
 40  29  36  17  22  47   4 
 25  10  23  32   5  16  13 
 30  35   8  11  14  33   6 
  9  24  31  34   7  12  15 
0.130277 seconds
Resolvendo para N=7 e M=7
  1  38  27  42  45  20  49 
 28  41   2  19  48  43  46 
 37  26  39  44   3  18  21 
 40  29  36  17  22  47   4 
 25  10  23  32   5  16  13 
 30  35   8  11  14  33   6 
  9  24  31  34   7  12  15 
0.130063 seconds
Resolvendo para N=7 e M=7
  1  38  27  42  45  20  49 
 28  41   2  19  48  43  46 
 37  26  39  44   3  18  21 
 40  29  36  17  22  47   4 
 25  10  23  32   5  16  13 
 30  35   8  11  14  33   6 
  9  24  31  34   7  12  15 
0.129890 seconds
Resolvendo para N=7 e M=7
  1  38  27  42  45  20  49 
 28  41   2  19  48  43  46 
 37  26  39  44   3  18  21 
 40  29  36  17  22  47   4 
 25  10  23  32   5  16  13 
 30  35   8  11  14  33   6 
  9  24  31  34   7  12  15 
0.131063 seconds
Resolvendo para N=7 e M=7
  1  38  27  42  45  20  49 
 28  41   2  19  48  43  46 
 37  26  39  44   3  18  21 
 40  29  36  17  22  47   4 
 25  10  23  32   5  16  13 
 30  35   8  11  14  33   6 
  9  24  31  34   7  12  15 
0.130357 seconds
Resolvendo para N=7 e M=7
  1  38  27  42  45  20  49 
 28  41   2  19  48  43  46 
 37  26  39  44   3  18  21 
 40  29  36  17  22  47   4 
 25  10  23  32   5  16  13 
 30  35   8  11  14  33   6 
  9  24  31  34   7  12  15 
0.130086 seconds
Resolvendo para N=7 e M=7
  1  38  27  42  45  20  49 
 28  41   2  19  48  43  46 
 37  26  39  44   3  18  21 
 40  29  36  17  22  47   4 
 25  10  23  32   5  16  13 
 30  35   8  11  14  33   6 
  9  24  31  34   7  12  15 
0.130282 seconds
Resolvendo para N=7 e M=7
  1  38  27  42  45  20  49 
 28  41   2  19  48  43  46 
 37  26  39  44   3  18  21 
 40  29  36  17  22  47   4 
 25  10  23  32   5  16  13 
 30  35   8  11  14  33   6 
  9  24  31  34   7  12  15 
0.130318 seconds
Resolvendo para N=7 e M=7
  1  38  27  42  45  20  49 
 28  41   2  19  48  43  46 
 37  26  39  44   3  18  21 
 40  29  36  17  22  47   4 
 25  10  23  32   5  16  13 
 30  35   8  11  14  33   6 
  9  24  31  34   7  12  15 
0.130135 seconds
Resolvendo para N=7 e M=7
  1  38  27  42  45  20  49 
 28  41   2  19  48  43  46 
 37  26  39  44   3  18  21 
 40  29  36  17  22  47   4 
 25  10  23  32   5  16  13 
 30  35   8  11  14  33   6 
  9  24  31  34   7  12  15 
0.130470 seconds
Resolvendo para N=7 e M=7
  1  38  27  42  45  20  49 
 28  41   2  19  48  43  46 
 37  26  39  44   3  18  21 
 40  29  36  17  22  47   4 
 25  10  23  32   5  16  13 
 30  35   8  11  14  33   6 
  9  24  31  34   7  12  15 
0.131667 seconds
Resolvendo para N=7 e M=7
  1  38  27  42  45  20  49 
 28  41   2  19  48  43  46 
 37  26  39  44   3  18  21 
 40  29  36  17  22  47   4 
 25  10  23  32   5  16  13 
 30  35   8  11  14  33   6 
  9  24  31  34   7  12  15 
0.130260 seconds
Resolvendo para N=7 e M=7
  1  38  27  42  45  20  49 
 28  41   2  19  48  43  46 
 37  26  39  44   3  18  21 
 40  29  36  17  22  47   4 
 25  10  23  32   5  16  13 
 30  35   8  11  14  33   6 
  9  24  31  34   7  12  15 
0.130155 seconds
Resolvendo para N=7 e M=7
  1  38  27  42  45  20  49 
 28  41   2  19  48  43  46 
 37  26  39  44   3  18  21 
 40  29  36  17  22  47   4 
 25  10  23  32   5  16  13 
 30  35   8  11  14  33   6 
  9  24  31  34   7  12  15 
0.130186 seconds
Resolvendo para N=7 e M=7
  1  38  27  42  45  20  49 
 28  41   2  19  48  43  46 
 37  26  39  44   3  18  21 
 40  29  36  17  22  47   4 
 25  10  23  32   5  16  13 
 30  35   8  11  14  33   6 
  9  24  31  34   7  12  15 
0.129527 seconds
Resolvendo para N=7 e M=7
  1  38  27  42  45  20  49 
 28  41   2  19  48  43  46 
 37  26  39  44   3  18  21 
 40  29  36  17  22  47   4 
 25  10  23  32   5  16  13 
 30  35   8  11  14  33   6 
  9  24  31  34   7  12  15 
0.129681 seconds
Resolvendo para N=7 e M=7
  1  38  27  42  45  20  49 
 28  41   2  19  48  43  46 
 37  26  39  44   3  18  21 
 40  29  36  17  22  47   4 
 25  10  23  32   5  16  13 
 30  35   8  11  14  33   6 
  9  24  31  34   7  12  15 
0.129695 seconds
Resolvendo para N=7 e M=7
  1  38  27  42  45  20  49 
 28  41   2  19  48  43  46 
 37  26  39  44   3  18  21 
 40  29  36  17  22  47   4 
 25  10  23  32   5  16  13 
 30  35   8  11  14  33   6 
  9  24  31  34   7  12  15 
0.130239 seconds
Resolvendo para N=7 e M=7
  1  38  27  42  45  20  49 
 28  41   2  19  48  43  46 
 37  26  39  44   3  18  21 
 40  29  36  17  22  47   4 
 25  10  23  32   5  16  13 
 30  35   8  11  14  33   6 
  9  24  31  34   7  12  15 
0.129855 seconds
Resolvendo para N=7 e M=7
  1  38  27  42  45  20  49 
 28  41   2  19  48  43  46 
 37  26  39  44   3  18  21 
 40  29  36  17  22  47   4 
 25  10  23  32   5  16  13 
 30  35   8  11  14  33   6 
  9  24  31  34   7  12  15 
0.087894 seconds
Resolvendo para N=7 e M=7
  1  38  27  42  45  20  49 
 28  41   2  19  48  43  46 
 37  26  39  44   3  18  21 
 40  29  36  17  22  47   4 
 25  10  23  32   5  16  13 
 30  35   8  11  14  33   6 
  9  24  31  34   7  12  15 
0.088682 seconds
Resolvendo para N=7 e M=7
  1  38  27  42  45  20  49 
 28  41   2  19  48  43  46 
 37  26  39  44   3  18  21 
 40  29  36  17  22  47   4 
 25  10  23  32   5  16  13 
 30  35   8  11  14  33   6 
  9  24  31  34   7  12  15 
0.077856 seconds
Resolvendo para N=7 e M=7
  1  38  27  42  45  20  49 
 28  41   2  19  48  43  46 
 37  26  39  44   3  18  21 
 40  29  36  17  22  47   4 
 25  10  23  32   5  16  13 
 30  35   8  11  14  33   6 
  9  24  31  34   7  12  15 
0.085920 seconds
Resolvendo para N=7 e M=7
  1  38  27  42  45  20  49 
 28  41   2  19  48  43  46 
 37  26  39  44   3  18  21 
 40  29  36  17  22  47   4 
 25  10  23  32   5  16  13 
 30  35   8  11  14  33   6 
  9  24  31  34   7  12  15 
0.079291 seconds
Resolvendo para N=7 e M=7
  1  38  27  42  45  20  49 
 28  41   2  19  48  43  46 
 37  26  39  44   3  18  21 
 40  29  36  17  22  47   4 
 25  10  23  32   5  16  13 
 30  35   8  11  14  33   6 
  9  24  31  34   7  12  15 
0.092258 seconds
Resolvendo para N=7 e M=7
  1  38  27  42  45  20  49 
 28  41   2  19  48  43  46 
 37  26  39  44   3  18  21 
 40  29  36  17  22  47   4 
 25  10  23  32   5  16  13 
 30  35   8  11  14  33   6 
  9  24  31  34   7  12  15 
0.090492 seconds
Resolvendo para N=7 e M=7
  1  38  27  42  45  20  49 
 28  41   2  19  48  43  46 
 37  26  39  44   3  18  21 
 40  29  36  17  22  47   4 
 25  10  23  32   5  16  13 
 30  35   8  11  14  33   6 
  9  24  31  34   7  12  15 
0.088464 seconds
Resolvendo para N=7 e M=7
  1  38  27  42  45  20  49 
 28  41   2  19  48  43  46 
 37  26  39  44   3  18  21 
 40  29  36  17  22  47   4 
 25  10  23  32   5  16  13 
 30  35   8  11  14  33   6 
  9  24  31  34   7  12  15 
0.088274 seconds
Resolvendo para N=7 e M=7
  1  38  27  42  45  20  49 
 28  41   2  19  48  43  46 
 37  26  39  44   3  18  21 
 40  29  36  17  22  47   4 
 25  10  23  32   5  16  13 
 30  35   8  11  14  33   6 
  9  24  31  34   7  12  15 
0.088806 seconds
Resolvendo para N=7 e M=7
  1  38  27  42  45  20  49 
 28  41   2  19  48  43  46 
 37  26  39  44   3  18  21 
 40  29  36  17  22  47   4 
 25  10  23  32   5  16  13 
 30  35   8  11  14  33   6 
  9  24  31  34   7  12  15 
0.089976 seconds
Resolvendo para N=7 e M=7
  1  38  27  42  45  20  49 
 28  41   2  19  48  43  46 
 37  26  39  44   3  18  21 
 40  29  36  17  22  47   4 
 25  10  23  32   5  16  13 
 30  35   8  11  14  33   6 
  9  24  31  34   7  12  15 
0.084435 seconds
Resolvendo para N=7 e M=7
  1  38  27  42  45  20  49 
 28  41   2  19  48  43  46 
 37  26  39  44   3  18  21 
 40  29  36  17  22  47   4 
 25  10  23  32   5  16  13 
 30  35   8  11  14  33   6 
  9  24  31  34   7  12  15 
0.084213 seconds
Resolvendo para N=7 e M=7
  1  38  27  42  45  20  49 
 28  41   2  19  48  43  46 
 37  26  39  44   3  18  21 
 40  29  36  17  22  47   4 
 25  10  23  32   5  16  13 
 30  35   8  11  14  33   6 
  9  24  31  34   7  12  15 
0.086474 seconds
Resolvendo para N=7 e M=7
  1  38  27  42  45  20  49 
 28  41   2  19  48  43  46 
 37  26  39  44   3  18  21 
 40  29  36  17  22  47   4 
 25  10  23  32   5  16  13 
 30  35   8  11  14  33   6 
  9  24  31  34   7  12  15 
0.090354 seconds
Resolvendo para N=7 e M=7
  1  38  27  42  45  20  49 
 28  41   2  19  48  43  46 
 37  26  39  44   3  18  21 
 40  29  36  17  22  47   4 
 25  10  23  32   5  16  13 
 30  35   8  11  14  33   6 
  9  24  31  34   7  12  15 
0.079325 seconds
Resolvendo para N=7 e M=7
  1  38  27  42  45  20  49 
 28  41   2  19  48  43  46 
 37  26  39  44   3  18  21 
 40  29  36  17  22  47   4 
 25  10  23  32   5  16  13 
 30  35   8  11  14  33   6 
  9  24  31  34   7  12  15 
0.084482 seconds
Resolvendo para N=7 e M=7
  1  38  27  42  45  20  49 
 28  41   2  19  48  43  46 
 37  26  39  44   3  18  21 
 40  29  36  17  22  47   4 
 25  10  23  32   5  16  13 
 30  35   8  11  14  33   6 
  9  24  31  34   7  12  15 
0.085348 seconds
Resolvendo para N=7 e M=7
  1  38  27  42  45  20  49 
 28  41   2  19  48  43  46 
 37  26  39  44   3  18  21 
 40  29  36  17  22  47   4 
 25  10  23  32   5  16  13 
 30  35   8  11  14  33   6 
  9  24  31  34   7  12  15 
0.089312 seconds
Resolvendo para N=7 e M=7
  1  38  27  42  45  20  49 
 28  41   2  19  48  43  46 
 37  26  39  44   3  18  21 
 40  29  36  17  22  47   4 
 25  10  23  32   5  16  13 
 30  35   8  11  14  33   6 
  9  24  31  34   7  12  15 
0.086566 seconds
