Resolvendo para N=6 e M=6
  1  22  13  30  33  36 
 12  29   2  35  14  31 
 21   8  23  32   3  34 
 28  11   4  17  24  15 
  7  20   9  26   5  18 
 10  27   6  19  16  25 
0.088999 seconds
Resolvendo para N=6 e M=6
  1  22  13  30  33  36 
 12  29   2  35  14  31 
 21   8  23  32   3  34 
 28  11   4  17  24  15 
  7  20   9  26   5  18 
 10  27   6  19  16  25 
0.085501 seconds
Resolvendo para N=6 e M=6
  1  22  13  30  33  36 
 12  29   2  35  14  31 
 21   8  23  32   3  34 
 28  11   4  17  24  15 
  7  20   9  26   5  18 
 10  27   6  19  16  25 
0.085564 seconds
Resolvendo para N=6 e M=6
  1  22  13  30  33  36 
 12  29   2  35  14  31 
 21   8  23  32   3  34 
 28  11   4  17  24  15 
  7  20   9  26   5  18 
 10  27   6  19  16  25 
0.085329 seconds
Resolvendo para N=6 e M=6
  1  22  13  30  33  36 
 12  29   2  35  14  31 
 21   8  23  32   3  34 
 28  11   4  17  24  15 
  7  20   9  26   5  18 
 10  27   6  19  16  25 
0.085442 seconds
Resolvendo para N=6 e M=6
  1  22  13  30  33  36 
 12  29   2  35  14  31 
 21   8  23  32   3  34 
 28  11   4  17  24  15 
  7  20   9  26   5  18 
 10  27   6  19  16  25 
0.085576 seconds
Resolvendo para N=6 e M=6
  1  22  13  30  33  36 
 12  29   2  35  14  31 
 21   8  23  32   3  34 
 28  11   4  17  24  15 
  7  20   9  26   5  18 
 10  27   6  19  16  25 
0.085572 seconds
Resolvendo para N=6 e M=6
  1  22  13  30  33  36 
 12  29   2  35  14  31 
 21   8  23  32   3  34 
 28  11   4  17  24  15 
  7  20   9  26   5  18 
 10  27   6  19  16  25 
0.085687 seconds
Resolvendo para N=6 e M=6
  1  22  13  30  33  36 
 12  29   2  35  14  31 
 21   8  23  32   3  34 
 28  11   4  17  24  15 
  7  20   9  26   5  18 
 10  27   6  19  16  25 
0.085653 seconds
Resolvendo para N=6 e M=6
  1  22  13  30  33  36 
 12  29   2  35  14  31 
 21   8  23  32   3  34 
 28  11   4  17  24  15 
  7  20   9  26   5  18 
 10  27   6  19  16  25 
0.085644 seconds
Resolvendo para N=6 e M=6
  1  22  13  30  33  36 
 12  29   2  35  14  31 
 21   8  23  32   3  34 
 28  11   4  17  24  15 
  7  20   9  26   5  18 
 10  27   6  19  16  25 
0.085800 seconds
Resolvendo para N=6 e M=6
  1  22  13  30  33  36 
 12  29   2  35  14  31 
 21   8  23  32   3  34 
 28  11   4  17  24  15 
  7  20   9  26   5  18 
 10  27   6  19  16  25 
0.085778 seconds
Resolvendo para N=6 e M=6
  1  22  13  30  33  36 
 12  29   2  35  14  31 
 21   8  23  32   3  34 
 28  11   4  17  24  15 
  7  20   9  26   5  18 
 10  27   6  19  16  25 
0.085726 seconds
Resolvendo para N=6 e M=6
  1  22  13  30  33  36 
 12  29   2  35  14  31 
 21   8  23  32   3  34 
 28  11   4  17  24  15 
  7  20   9  26   5  18 
 10  27   6  19  16  25 
0.085121 seconds
Resolvendo para N=6 e M=6
  1  22  13  30  33  36 
 12  29   2  35  14  31 
 21   8  23  32   3  34 
 28  11   4  17  24  15 
  7  20   9  26   5  18 
 10  27   6  19  16  25 
0.085378 seconds
Resolvendo para N=6 e M=6
  1  22  13  30  33  36 
 12  29   2  35  14  31 
 21   8  23  32   3  34 
 28  11   4  17  24  15 
  7  20   9  26   5  18 
 10  27   6  19  16  25 
0.085765 seconds
Resolvendo para N=6 e M=6
  1  22  13  30  33  36 
 12  29   2  35  14  31 
 21   8  23  32   3  34 
 28  11   4  17  24  15 
  7  20   9  26   5  18 
 10  27   6  19  16  25 
0.085263 seconds
Resolvendo para N=6 e M=6
  1  22  13  30  33  36 
 12  29   2  35  14  31 
 21   8  23  32   3  34 
 28  11   4  17  24  15 
  7  20   9  26   5  18 
 10  27   6  19  16  25 
0.085953 seconds
Resolvendo para N=6 e M=6
  1  22  13  30  33  36 
 12  29   2  35  14  31 
 21   8  23  32   3  34 
 28  11   4  17  24  15 
  7  20   9  26   5  18 
 10  27   6  19  16  25 
0.085997 seconds
Resolvendo para N=6 e M=6
  1  22  13  30  33  36 
 12  29   2  35  14  31 
 21   8  23  32   3  34 
 28  11   4  17  24  15 
  7  20   9  26   5  18 
 10  27   6  19  16  25 
0.085558 seconds
Resolvendo para N=6 e M=6
  1  22  13  30  33  36 
 12  29   2  35  14  31 
 21   8  23  32   3  34 
 28  11   4  17  24  15 
  7  20   9  26   5  18 
 10  27   6  19  16  25 
0.139406 seconds
Resolvendo para N=6 e M=6
  1  22  13  30  33  36 
 12  29   2  35  14  31 
 21   8  23  32   3  34 
 28  11   4  17  24  15 
  7  20   9  26   5  18 
 10  27   6  19  16  25 
0.138545 seconds
Resolvendo para N=6 e M=6
  1  22  13  30  33  36 
 12  29   2  35  14  31 
 21   8  23  32   3  34 
 28  11   4  17  24  15 
  7  20   9  26   5  18 
 10  27   6  19  16  25 
0.139216 seconds
Resolvendo para N=6 e M=6
  1  22  13  30  33  36 
 12  29   2  35  14  31 
 21   8  23  32   3  34 
 28  11   4  17  24  15 
  7  20   9  26   5  18 
 10  27   6  19  16  25 
0.139021 seconds
Resolvendo para N=6 e M=6
  1  22  13  30  33  36 
 12  29   2  35  14  31 
 21   8  23  32   3  34 
 28  11   4  17  24  15 
  7  20   9  26   5  18 
 10  27   6  19  16  25 
0.138502 seconds
Resolvendo para N=6 e M=6
  1  22  13  30  33  36 
 12  29   2  35  14  31 
 21   8  23  32   3  34 
 28  11   4  17  24  15 
  7  20   9  26   5  18 
 10  27   6  19  16  25 
0.138780 seconds
Resolvendo para N=6 e M=6
  1  22  13  30  33  36 
 12  29   2  35  14  31 
 21   8  23  32   3  34 
 28  11   4  17  24  15 
  7  20   9  26   5  18 
 10  27   6  19  16  25 
0.138748 seconds
Resolvendo para N=6 e M=6
  1  22  13  30  33  36 
 12  29   2  35  14  31 
 21   8  23  32   3  34 
 28  11   4  17  24  15 
  7  20   9  26   5  18 
 10  27   6  19  16  25 
0.138580 seconds
Resolvendo para N=6 e M=6
  1  22  13  30  33  36 
 12  29   2  35  14  31 
 21   8  23  32   3  34 
 28  11   4  17  24  15 
  7  20   9  26   5  18 
 10  27   6  19  16  25 
0.138753 seconds
Resolvendo para N=6 e M=6
  1  22  13  30  33  36 
 12  29   2  35  14  31 
 21   8  23  32   3  34 
 28  11   4  17  24  15 
  7  20   9  26   5  18 
 10  27   6  19  16  25 
0.138488 seconds
Resolvendo para N=6 e M=6
  1  22  13  30  33  36 
 12  29   2  35  14  31 
 21   8  23  32   3  34 
 28  11   4  17  24  15 
  7  20   9  26   5  18 
 10  27   6  19  16  25 
0.138353 seconds
Resolvendo para N=6 e M=6
  1  22  13  30  33  36 
 12  29   2  35  14  31 
 21   8  23  32   3  34 
 28  11   4  17  24  15 
  7  20   9  26   5  18 
 10  27   6  19  16  25 
0.139927 seconds
Resolvendo para N=6 e M=6
  1  22  13  30  33  36 
 12  29   2  35  14  31 
 21   8  23  32   3  34 
 28  11   4  17  24  15 
  7  20   9  26   5  18 
 10  27   6  19  16  25 
0.138482 seconds
Resolvendo para N=6 e M=6
  1  22  13  30  33  36 
 12  29   2  35  14  31 
 21   8  23  32   3  34 
 28  11   4  17  24  15 
  7  20   9  26   5  18 
 10  27   6  19  16  25 
0.138293 seconds
Resolvendo para N=6 e M=6
  1  22  13  30  33  36 
 12  29   2  35  14  31 
 21   8  23  32   3  34 
 28  11   4  17  24  15 
  7  20   9  26   5  18 
 10  27   6  19  16  25 
0.138462 seconds
Resolvendo para N=6 e M=6
  1  22  13  30  33  36 
 12  29   2  35  14  31 
 21   8  23  32   3  34 
 28  11   4  17  24  15 
  7  20   9  26   5  18 
 10  27   6  19  16  25 
0.138420 seconds
Resolvendo para N=6 e M=6
  1  22  13  30  33  36 
 12  29   2  35  14  31 
 21   8  23  32   3  34 
 28  11   4  17  24  15 
  7  20   9  26   5  18 
 10  27   6  19  16  25 
0.138847 seconds
Resolvendo para N=6 e M=6
  1  22  13  30  33  36 
 12  29   2  35  14  31 
 21   8  23  32   3  34 
 28  11   4  17  24  15 
  7  20   9  26   5  18 
 10  27   6  19  16  25 
0.139835 seconds
Resolvendo para N=6 e M=6
  1  22  13  30  33  36 
 12  29   2  35  14  31 
 21   8  23  32   3  34 
 28  11   4  17  24  15 
  7  20   9  26   5  18 
 10  27   6  19  16  25 
0.139100 seconds
Resolvendo para N=6 e M=6
  1  22  13  30  33  36 
 12  29   2  35  14  31 
 21   8  23  32   3  34 
 28  11   4  17  24  15 
  7  20   9  26   5  18 
 10  27   6  19  16  25 
0.138826 seconds
Resolvendo para N=6 e M=6
  1  22  13  30  33  36 
 12  29   2  35  14  31 
 21   8  23  32   3  34 
 28  11   4  17  24  15 
  7  20   9  26   5  18 
 10  27   6  19  16  25 
0.189262 seconds
Resolvendo para N=6 e M=6
  1  22  13  30  33  36 
 12  29   2  35  14  31 
 21   8  23  32   3  34 
 28  11   4  17  24  15 
  7  20   9  26   5  18 
 10  27   6  19  16  25 
0.183902 seconds
Resolvendo para N=6 e M=6
  1  22  13  30  33  36 
 12  29   2  35  14  31 
 21   8  23  32   3  34 
 28  11   4  17  24  15 
  7  20   9  26   5  18 
 10  27   6  19  16  25 
0.177078 seconds
Resolvendo para N=6 e M=6
  1  22  13  30  33  36 
 12  29   2  35  14  31 
 21   8  23  32   3  34 
 28  11   4  17  24  15 
  7  20   9  26   5  18 
 10  27   6  19  16  25 
0.182175 seconds
Resolvendo para N=6 e M=6
  1  22  13  30  33  36 
 12  29   2  35  14  31 
 21   8  23  32   3  34 
 28  11   4  17  24  15 
  7  20   9  26   5  18 
 10  27   6  19  16  25 
0.186539 seconds
Resolvendo para N=6 e M=6
  1  22  13  30  33  36 
 12  29   2  35  14  31 
 21   8  23  32   3  34 
 28  11   4  17  24  15 
  7  20   9  26   5  18 
 10  27   6  19  16  25 
0.184584 seconds
Resolvendo para N=6 e M=6
  1  22  13  30  33  36 
 12  29   2  35  14  31 
 21   8  23  32   3  34 
 28  11   4  17  24  15 
  7  20   9  26   5  18 
 10  27   6  19  16  25 
0.176502 seconds
Resolvendo para N=6 e M=6
  1  22  13  30  33  36 
 12  29   2  35  14  31 
 21   8  23  32   3  34 
 28  11   4  17  24  15 
  7  20   9  26   5  18 
 10  27   6  19  16  25 
0.176409 seconds
Resolvendo para N=6 e M=6
  1  22  13  30  33  36 
 12  29   2  35  14  31 
 21   8  23  32   3  34 
 28  11   4  17  24  15 
  7  20   9  26   5  18 
 10  27   6  19  16  25 
0.186257 seconds
Resolvendo para N=6 e M=6
  1  22  13  30  33  36 
 12  29   2  35  14  31 
 21   8  23  32   3  34 
 28  11   4  17  24  15 
  7  20   9  26   5  18 
 10  27   6  19  16  25 
0.179446 seconds
Resolvendo para N=6 e M=6
  1  22  13  30  33  36 
 12  29   2  35  14  31 
 21   8  23  32   3  34 
 28  11   4  17  24  15 
  7  20   9  26   5  18 
 10  27   6  19  16  25 
0.176480 seconds
Resolvendo para N=6 e M=6
  1  22  13  30  33  36 
 12  29   2  35  14  31 
 21   8  23  32   3  34 
 28  11   4  17  24  15 
  7  20   9  26   5  18 
 10  27   6  19  16  25 
0.196954 seconds
Resolvendo para N=6 e M=6
  1  22  13  30  33  36 
 12  29   2  35  14  31 
 21   8  23  32   3  34 
 28  11   4  17  24  15 
  7  20   9  26   5  18 
 10  27   6  19  16  25 
0.181837 seconds
Resolvendo para N=6 e M=6
  1  22  13  30  33  36 
 12  29   2  35  14  31 
 21   8  23  32   3  34 
 28  11   4  17  24  15 
  7  20   9  26   5  18 
 10  27   6  19  16  25 
0.176529 seconds
Resolvendo para N=6 e M=6
  1  22  13  30  33  36 
 12  29   2  35  14  31 
 21   8  23  32   3  34 
 28  11   4  17  24  15 
  7  20   9  26   5  18 
 10  27   6  19  16  25 
0.185511 seconds
Resolvendo para N=6 e M=6
  1  22  13  30  33  36 
 12  29   2  35  14  31 
 21   8  23  32   3  34 
 28  11   4  17  24  15 
  7  20   9  26   5  18 
 10  27   6  19  16  25 
0.176744 seconds
Resolvendo para N=6 e M=6
  1  22  13  30  33  36 
 12  29   2  35  14  31 
 21   8  23  32   3  34 
 28  11   4  17  24  15 
  7  20   9  26   5  18 
 10  27   6  19  16  25 
0.176295 seconds
Resolvendo para N=6 e M=6
  1  22  13  30  33  36 
 12  29   2  35  14  31 
 21   8  23  32   3  34 
 28  11   4  17  24  15 
  7  20   9  26   5  18 
 10  27   6  19  16  25 
0.176517 seconds
Resolvendo para N=6 e M=6
  1  22  13  30  33  36 
 12  29   2  35  14  31 
 21   8  23  32   3  34 
 28  11   4  17  24  15 
  7  20   9  26   5  18 
 10  27   6  19  16  25 
0.198532 seconds
Resolvendo para N=6 e M=6
  1  22  13  30  33  36 
 12  29   2  35  14  31 
 21   8  23  32   3  34 
 28  11   4  17  24  15 
  7  20   9  26   5  18 
 10  27   6  19  16  25 
0.176630 seconds
Resolvendo para N=6 e M=6
  1  22  13  30  33  36 
 12  29   2  35  14  31 
 21   8  23  32   3  34 
 28  11   4  17  24  15 
  7  20   9  26   5  18 
 10  27   6  19  16  25 
0.169022 seconds
Resolvendo para N=6 e M=6
  1  22  13  30  33  36 
 12  29   2  35  14  31 
 21   8  23  32   3  34 
 28  11   4  17  24  15 
  7  20   9  26   5  18 
 10  27   6  19  16  25 
0.147584 seconds
Resolvendo para N=6 e M=6
  1  22  13  30  33  36 
 12  29   2  35  14  31 
 21   8  23  32   3  34 
 28  11   4  17  24  15 
  7  20   9  26   5  18 
 10  27   6  19  16  25 
0.141786 seconds
Resolvendo para N=6 e M=6
  1  22  13  30  33  36 
 12  29   2  35  14  31 
 21   8  23  32   3  34 
 28  11   4  17  24  15 
  7  20   9  26   5  18 
 10  27   6  19  16  25 
0.158718 seconds
Resolvendo para N=6 e M=6
  1  22  13  30  33  36 
 12  29   2  35  14  31 
 21   8  23  32   3  34 
 28  11   4  17  24  15 
  7  20   9  26   5  18 
 10  27   6  19  16  25 
0.165498 seconds
Resolvendo para N=6 e M=6
  1  22  13  30  33  36 
 12  29   2  35  14  31 
 21   8  23  32   3  34 
 28  11   4  17  24  15 
  7  20   9  26   5  18 
 10  27   6  19  16  25 
0.169344 seconds
Resolvendo para N=6 e M=6
  1  22  13  30  33  36 
 12  29   2  35  14  31 
 21   8  23  32   3  34 
 28  11   4  17  24  15 
  7  20   9  26   5  18 
 10  27   6  19  16  25 
0.163738 seconds
Resolvendo para N=6 e M=6
  1  22  13  30  33  36 
 12  29   2  35  14  31 
 21   8  23  32   3  34 
 28  11   4  17  24  15 
  7  20   9  26   5  18 
 10  27   6  19  16  25 
0.173127 seconds
Resolvendo para N=6 e M=6
  1  22  13  30  33  36 
 12  29   2  35  14  31 
 21   8  23  32   3  34 
 28  11   4  17  24  15 
  7  20   9  26   5  18 
 10  27   6  19  16  25 
0.137066 seconds
Resolvendo para N=6 e M=6
  1  22  13  30  33  36 
 12  29   2  35  14  31 
 21   8  23  32   3  34 
 28  11   4  17  24  15 
  7  20   9  26   5  18 
 10  27   6  19  16  25 
0.170710 seconds
Resolvendo para N=6 e M=6
  1  22  13  30  33  36 
 12  29   2  35  14  31 
 21   8  23  32   3  34 
 28  11   4  17  24  15 
  7  20   9  26   5  18 
 10  27   6  19  16  25 
0.155260 seconds
Resolvendo para N=6 e M=6
  1  22  13  30  33  36 
 12  29   2  35  14  31 
 21   8  23  32   3  34 
 28  11   4  17  24  15 
  7  20   9  26   5  18 
 10  27   6  19  16  25 
0.146542 seconds
Resolvendo para N=6 e M=6
  1  22  13  30  33  36 
 12  29   2  35  14  31 
 21   8  23  32   3  34 
 28  11   4  17  24  15 
  7  20   9  26   5  18 
 10  27   6  19  16  25 
0.137051 seconds
Resolvendo para N=6 e M=6
  1  22  13  30  33  36 
 12  29   2  35  14  31 
 21   8  23  32   3  34 
 28  11   4  17  24  15 
  7  20   9  26   5  18 
 10  27   6  19  16  25 
0.158965 seconds
Resolvendo para N=6 e M=6
  1  22  13  30  33  36 
 12  29   2  35  14  31 
 21   8  23  32   3  34 
 28  11   4  17  24  15 
  7  20   9  26   5  18 
 10  27   6  19  16  25 
0.166911 seconds
Resolvendo para N=6 e M=6
  1  22  13  30  33  36 
 12  29   2  35  14  31 
 21   8  23  32   3  34 
 28  11   4  17  24  15 
  7  20   9  26   5  18 
 10  27   6  19  16  25 
0.136644 seconds
Resolvendo para N=6 e M=6
  1  22  13  30  33  36 
 12  29   2  35  14  31 
 21   8  23  32   3  34 
 28  11   4  17  24  15 
  7  20   9  26   5  18 
 10  27   6  19  16  25 
0.150738 seconds
Resolvendo para N=6 e M=6
  1  22  13  30  33  36 
 12  29   2  35  14  31 
 21   8  23  32   3  34 
 28  11   4  17  24  15 
  7  20   9  26   5  18 
 10  27   6  19  16  25 
0.200081 seconds
Resolvendo para N=6 e M=6
  1  22  13  30  33  36 
 12  29   2  35  14  31 
 21   8  23  32   3  34 
 28  11   4  17  24  15 
  7  20   9  26   5  18 
 10  27   6  19  16  25 
0.147931 seconds
Resolvendo para N=6 e M=6
  1  22  13  30  33  36 
 12  29   2  35  14  31 
 21   8  23  32   3  34 
 28  11   4  17  24  15 
  7  20   9  26   5  18 
 10  27   6  19  16  25 
0.145833 seconds
