Resolvendo para N=7 e M=7
  1  38  27  42  45  20  49 
 28  41   2  19  48  43  46 
 37  26  39  44   3  18  21 
 40  29  36  17  22  47   4 
 25  10  23  32   5  16  13 
 30  35   8  11  14  33   6 
  9  24  31  34   7  12  15 
0.086345 seconds
Resolvendo para N=7 e M=7
  1  38  27  42  45  20  49 
 28  41   2  19  48  43  46 
 37  26  39  44   3  18  21 
 40  29  36  17  22  47   4 
 25  10  23  32   5  16  13 
 30  35   8  11  14  33   6 
  9  24  31  34   7  12  15 
0.086309 seconds
Resolvendo para N=7 e M=7
  1  38  27  42  45  20  49 
 28  41   2  19  48  43  46 
 37  26  39  44   3  18  21 
 40  29  36  17  22  47   4 
 25  10  23  32   5  16  13 
 30  35   8  11  14  33   6 
  9  24  31  34   7  12  15 
0.086457 seconds
Resolvendo para N=7 e M=7
  1  38  27  42  45  20  49 
 28  41   2  19  48  43  46 
 37  26  39  44   3  18  21 
 40  29  36  17  22  47   4 
 25  10  23  32   5  16  13 
 30  35   8  11  14  33   6 
  9  24  31  34   7  12  15 
0.086758 seconds
Resolvendo para N=7 e M=7
  1  38  27  42  45  20  49 
 28  41   2  19  48  43  46 
 37  26  39  44   3  18  21 
 40  29  36  17  22  47   4 
 25  10  23  32   5  16  13 
 30  35   8  11  14  33   6 
  9  24  31  34   7  12  15 
0.086310 seconds
Resolvendo para N=7 e M=7
  1  38  27  42  45  20  49 
 28  41   2  19  48  43  46 
 37  26  39  44   3  18  21 
 40  29  36  17  22  47   4 
 25  10  23  32   5  16  13 
 30  35   8  11  14  33   6 
  9  24  31  34   7  12  15 
0.086253 seconds
Resolvendo para N=7 e M=7
  1  38  27  42  45  20  49 
 28  41   2  19  48  43  46 
 37  26  39  44   3  18  21 
 40  29  36  17  22  47   4 
 25  10  23  32   5  16  13 
 30  35   8  11  14  33   6 
  9  24  31  34   7  12  15 
0.086465 seconds
Resolvendo para N=7 e M=7
  1  38  27  42  45  20  49 
 28  41   2  19  48  43  46 
 37  26  39  44   3  18  21 
 40  29  36  17  22  47   4 
 25  10  23  32   5  16  13 
 30  35   8  11  14  33   6 
  9  24  31  34   7  12  15 
0.086308 seconds
Resolvendo para N=7 e M=7
  1  38  27  42  45  20  49 
 28  41   2  19  48  43  46 
 37  26  39  44   3  18  21 
 40  29  36  17  22  47   4 
 25  10  23  32   5  16  13 
 30  35   8  11  14  33   6 
  9  24  31  34   7  12  15 
0.086270 seconds
Resolvendo para N=7 e M=7
  1  38  27  42  45  20  49 
 28  41   2  19  48  43  46 
 37  26  39  44   3  18  21 
 40  29  36  17  22  47   4 
 25  10  23  32   5  16  13 
 30  35   8  11  14  33   6 
  9  24  31  34   7  12  15 
0.086478 seconds
Resolvendo para N=7 e M=7
  1  38  27  42  45  20  49 
 28  41   2  19  48  43  46 
 37  26  39  44   3  18  21 
 40  29  36  17  22  47   4 
 25  10  23  32   5  16  13 
 30  35   8  11  14  33   6 
  9  24  31  34   7  12  15 
0.086704 seconds
Resolvendo para N=7 e M=7
  1  38  27  42  45  20  49 
 28  41   2  19  48  43  46 
 37  26  39  44   3  18  21 
 40  29  36  17  22  47   4 
 25  10  23  32   5  16  13 
 30  35   8  11  14  33   6 
  9  24  31  34   7  12  15 
0.086404 seconds
Resolvendo para N=7 e M=7
  1  38  27  42  45  20  49 
 28  41   2  19  48  43  46 
 37  26  39  44   3  18  21 
 40  29  36  17  22  47   4 
 25  10  23  32   5  16  13 
 30  35   8  11  14  33   6 
  9  24  31  34   7  12  15 
0.086327 seconds
Resolvendo para N=7 e M=7
  1  38  27  42  45  20  49 
 28  41   2  19  48  43  46 
 37  26  39  44   3  18  21 
 40  29  36  17  22  47   4 
 25  10  23  32   5  16  13 
 30  35   8  11  14  33   6 
  9  24  31  34   7  12  15 
0.086320 seconds
Resolvendo para N=7 e M=7
  1  38  27  42  45  20  49 
 28  41   2  19  48  43  46 
 37  26  39  44   3  18  21 
 40  29  36  17  22  47   4 
 25  10  23  32   5  16  13 
 30  35   8  11  14  33   6 
  9  24  31  34   7  12  15 
0.086389 seconds
Resolvendo para N=7 e M=7
  1  38  27  42  45  20  49 
 28  41   2  19  48  43  46 
 37  26  39  44   3  18  21 
 40  29  36  17  22  47   4 
 25  10  23  32   5  16  13 
 30  35   8  11  14  33   6 
  9  24  31  34   7  12  15 
0.086306 seconds
Resolvendo para N=7 e M=7
  1  38  27  42  45  20  49 
 28  41   2  19  48  43  46 
 37  26  39  44   3  18  21 
 40  29  36  17  22  47   4 
 25  10  23  32   5  16  13 
 30  35   8  11  14  33   6 
  9  24  31  34   7  12  15 
0.086309 seconds
Resolvendo para N=7 e M=7
  1  38  27  42  45  20  49 
 28  41   2  19  48  43  46 
 37  26  39  44   3  18  21 
 40  29  36  17  22  47   4 
 25  10  23  32   5  16  13 
 30  35   8  11  14  33   6 
  9  24  31  34   7  12  15 
0.086425 seconds
Resolvendo para N=7 e M=7
  1  38  27  42  45  20  49 
 28  41   2  19  48  43  46 
 37  26  39  44   3  18  21 
 40  29  36  17  22  47   4 
 25  10  23  32   5  16  13 
 30  35   8  11  14  33   6 
  9  24  31  34   7  12  15 
0.086298 seconds
Resolvendo para N=7 e M=7
  1  38  27  42  45  20  49 
 28  41   2  19  48  43  46 
 37  26  39  44   3  18  21 
 40  29  36  17  22  47   4 
 25  10  23  32   5  16  13 
 30  35   8  11  14  33   6 
  9  24  31  34   7  12  15 
0.086342 seconds
