Resolvendo para N=6 e M=6
  1  22  13  30  33  36 
 12  29   2  35  14  31 
 21   8  23  32   3  34 
 28  11   4  17  24  15 
  7  20   9  26   5  18 
 10  27   6  19  16  25 
0.083143 seconds
Resolvendo para N=6 e M=6
  1  22  13  30  33  36 
 12  29   2  35  14  31 
 21   8  23  32   3  34 
 28  11   4  17  24  15 
  7  20   9  26   5  18 
 10  27   6  19  16  25 
0.082928 seconds
Resolvendo para N=6 e M=6
  1  22  13  30  33  36 
 12  29   2  35  14  31 
 21   8  23  32   3  34 
 28  11   4  17  24  15 
  7  20   9  26   5  18 
 10  27   6  19  16  25 
0.082944 seconds
Resolvendo para N=6 e M=6
  1  22  13  30  33  36 
 12  29   2  35  14  31 
 21   8  23  32   3  34 
 28  11   4  17  24  15 
  7  20   9  26   5  18 
 10  27   6  19  16  25 
0.082885 seconds
Resolvendo para N=6 e M=6
  1  22  13  30  33  36 
 12  29   2  35  14  31 
 21   8  23  32   3  34 
 28  11   4  17  24  15 
  7  20   9  26   5  18 
 10  27   6  19  16  25 
0.082811 seconds
Resolvendo para N=6 e M=6
  1  22  13  30  33  36 
 12  29   2  35  14  31 
 21   8  23  32   3  34 
 28  11   4  17  24  15 
  7  20   9  26   5  18 
 10  27   6  19  16  25 
0.083005 seconds
Resolvendo para N=6 e M=6
  1  22  13  30  33  36 
 12  29   2  35  14  31 
 21   8  23  32   3  34 
 28  11   4  17  24  15 
  7  20   9  26   5  18 
 10  27   6  19  16  25 
0.082866 seconds
Resolvendo para N=6 e M=6
  1  22  13  30  33  36 
 12  29   2  35  14  31 
 21   8  23  32   3  34 
 28  11   4  17  24  15 
  7  20   9  26   5  18 
 10  27   6  19  16  25 
0.084690 seconds
Resolvendo para N=6 e M=6
  1  22  13  30  33  36 
 12  29   2  35  14  31 
 21   8  23  32   3  34 
 28  11   4  17  24  15 
  7  20   9  26   5  18 
 10  27   6  19  16  25 
0.083153 seconds
Resolvendo para N=6 e M=6
  1  22  13  30  33  36 
 12  29   2  35  14  31 
 21   8  23  32   3  34 
 28  11   4  17  24  15 
  7  20   9  26   5  18 
 10  27   6  19  16  25 
0.082917 seconds
Resolvendo para N=6 e M=6
  1  22  13  30  33  36 
 12  29   2  35  14  31 
 21   8  23  32   3  34 
 28  11   4  17  24  15 
  7  20   9  26   5  18 
 10  27   6  19  16  25 
0.082890 seconds
Resolvendo para N=6 e M=6
  1  22  13  30  33  36 
 12  29   2  35  14  31 
 21   8  23  32   3  34 
 28  11   4  17  24  15 
  7  20   9  26   5  18 
 10  27   6  19  16  25 
0.082897 seconds
Resolvendo para N=6 e M=6
  1  22  13  30  33  36 
 12  29   2  35  14  31 
 21   8  23  32   3  34 
 28  11   4  17  24  15 
  7  20   9  26   5  18 
 10  27   6  19  16  25 
0.082936 seconds
Resolvendo para N=6 e M=6
  1  22  13  30  33  36 
 12  29   2  35  14  31 
 21   8  23  32   3  34 
 28  11   4  17  24  15 
  7  20   9  26   5  18 
 10  27   6  19  16  25 
0.082859 seconds
Resolvendo para N=6 e M=6
  1  22  13  30  33  36 
 12  29   2  35  14  31 
 21   8  23  32   3  34 
 28  11   4  17  24  15 
  7  20   9  26   5  18 
 10  27   6  19  16  25 
0.083193 seconds
Resolvendo para N=6 e M=6
  1  22  13  30  33  36 
 12  29   2  35  14  31 
 21   8  23  32   3  34 
 28  11   4  17  24  15 
  7  20   9  26   5  18 
 10  27   6  19  16  25 
0.082866 seconds
Resolvendo para N=6 e M=6
  1  22  13  30  33  36 
 12  29   2  35  14  31 
 21   8  23  32   3  34 
 28  11   4  17  24  15 
  7  20   9  26   5  18 
 10  27   6  19  16  25 
0.082893 seconds
Resolvendo para N=6 e M=6
  1  22  13  30  33  36 
 12  29   2  35  14  31 
 21   8  23  32   3  34 
 28  11   4  17  24  15 
  7  20   9  26   5  18 
 10  27   6  19  16  25 
0.082967 seconds
Resolvendo para N=6 e M=6
  1  22  13  30  33  36 
 12  29   2  35  14  31 
 21   8  23  32   3  34 
 28  11   4  17  24  15 
  7  20   9  26   5  18 
 10  27   6  19  16  25 
0.082888 seconds
Resolvendo para N=6 e M=6
  1  22  13  30  33  36 
 12  29   2  35  14  31 
 21   8  23  32   3  34 
 28  11   4  17  24  15 
  7  20   9  26   5  18 
 10  27   6  19  16  25 
0.082953 seconds
