0.076935
0.077634
0.076695
0.077209
0.077247
0.077332
0.077599
0.076978
0.077379
0.076761
0.076855
0.077452
0.077301
0.077627
0.077366
0.078189
0.077546
0.077471
0.077192
0.077509
0.093455
0.093997
0.093439
0.093983
0.093586
0.093537
0.093794
0.093527
0.093966
0.093354
0.093706
0.093704
0.093934
0.094054
0.093855
0.093931
0.093739
0.094330
0.094189
0.093732
0.129762
0.130277
0.130063
0.129890
0.131063
0.130357
0.130086
0.130282
0.130318
0.130135
0.130470
0.131667
0.130260
0.130155
0.130186
0.129527
0.129681
0.129695
0.130239
0.129855
0.087894
0.088682
0.077856
0.085920
0.079291
0.092258
0.090492
0.088464
0.088274
0.088806
0.089976
0.084435
0.084213
0.086474
0.090354
0.079325
0.084482
0.085348
0.089312
0.086566
