0.011720
0.003649
0.003663
0.003597
0.003602
0.003593
0.003652
0.003594
0.003653
0.003654
0.003600
0.003613
0.003659
0.003660
0.003637
0.003614
0.003639
0.003603
0.003627
0.003606
0.013262
0.013767
0.015556
0.013073
0.014704
0.012738
0.014741
0.016557
0.014884
0.016430
0.015090
0.013510
0.014048
0.016018
0.014022
0.016159
0.014247
0.016182
0.015753
0.012826
0.038596
0.035270
0.026078
0.033548
0.026192
0.036251
0.026930
0.026985
0.037743
0.025927
0.027072
0.036855
0.033720
0.027218
0.037769
0.026973
0.026806
0.025767
0.025811
0.026873
0.039636
0.039614
0.043219
0.023002
0.040206
0.028392
0.032016
0.040502
0.017397
0.041054
0.038064
0.029385
0.043902
0.030084
0.016429
0.041731
0.032925
0.040555
0.027403
0.043520
