0.088999
0.085501
0.085564
0.085329
0.085442
0.085576
0.085572
0.085687
0.085653
0.085644
0.085800
0.085778
0.085726
0.085121
0.085378
0.085765
0.085263
0.085953
0.085997
0.085558
0.139406
0.138545
0.139216
0.139021
0.138502
0.138780
0.138748
0.138580
0.138753
0.138488
0.138353
0.139927
0.138482
0.138293
0.138462
0.138420
0.138847
0.139835
0.139100
0.138826
0.189262
0.183902
0.177078
0.182175
0.186539
0.184584
0.176502
0.176409
0.186257
0.179446
0.176480
0.196954
0.181837
0.176529
0.185511
0.176744
0.176295
0.176517
0.198532
0.176630
0.169022
0.147584
0.141786
0.158718
0.165498
0.169344
0.163738
0.173127
0.137066
0.170710
0.155260
0.146542
0.137051
0.158965
0.166911
0.136644
0.150738
0.200081
0.147931
0.145833
